2,3,0.989002403
2,4,0.980446006
3,2,0.989002403
3,4,0.991348821
4,2,0.980446006
4,3,0.991348821
10,11,0.971563095
11,10,0.971563095
18,21,0.964113111
19,20,0.964113111
23,26,0.929435154
24,25,0.929435154
25,601,0.860165329
25,912,0.852689212
37,16,0.93089581
41,715,0.890464129
48,15,0.93089581
54,115,0.899207767
54,887,0.899207767
69,70,0.97441966
69,71,0.939658994
70,69,0.97441966
70,71,0.964591578
71,69,0.939658994
71,70,0.964591578
73,77,0.894533644
73,101,0.942871376
73,596,0.882111209
73,659,0.942871376
74,77,0.894533644
74,101,0.942871376
74,596,0.882111209
74,659,0.942871376
77,73,0.894533644
77,74,0.894533644
77,80,0.894533644
77,101,0.953503859
77,199,0.894533644
77,336,0.894533644
77,398,0.894533644
77,399,0.894533644
77,422,0.894533644
77,427,0.894533644
77,486,0.894533644
77,506,0.894533644
77,542,0.894533644
77,546,0.894533644
77,565,0.894533644
77,566,0.894533644
77,582,0.894533644
77,634,0.894533644
77,648,0.894533644
77,659,0.953503859
77,809,0.894533644
77,829,0.894533644
77,834,0.894533644
77,844,0.894533644
77,899,0.894533644
77,950,0.894533644
77,952,0.894533644
77,954,0.894533644
77,956,0.894533644
77,971,0.894533644
77,981,0.894533644
77,989,0.894533644
77,990,0.894533644
77,1007,0.894533644
77,1012,0.894533644
80,77,0.894533644
80,101,0.942871376
80,596,0.882111209
80,659,0.942871376
90,91,0.929829739
91,90,0.929829739
93,165,0.866939608
93,704,0.861430029
94,943,0.86156671
95,104,0.868075856
97,98,0.879463426
97,117,0.879463426
97,118,0.879463426
97,677,0.879463426
98,97,0.879463426
101,73,0.942871376
101,74,0.942871376
101,77,0.953503859
101,80,0.942871376
101,199,0.942871376
101,336,0.942871376
101,398,0.942871376
101,399,0.942871376
101,422,0.942871376
101,427,0.942871376
101,486,0.942871376
101,506,0.942871376
101,542,0.942871376
101,546,0.942871376
101,565,0.942871376
101,566,0.942871376
101,582,0.942871376
101,634,0.942871376
101,648,0.942871376
101,809,0.942871376
101,829,0.942871376
101,834,0.942871376
101,844,0.942871376
101,899,0.942871376
101,950,0.942871376
101,952,0.942871376
101,954,0.942871376
101,956,0.942871376
101,971,0.942871376
101,981,0.942871376
101,989,0.942871376
101,990,0.942871376
101,1007,0.942871376
101,1012,0.942871376
104,95,0.868075856
104,745,0.870743538
111,489,0.962693703
114,416,0.880322822
115,54,0.899207767
117,97,0.879463426
118,97,0.879463426
130,169,0.863610062
130,265,0.863610062
130,883,0.863610062
139,489,0.962693703
144,489,0.962693703
149,619,0.853595819
149,794,0.853595819
165,93,0.866939608
165,572,0.866939608
165,578,0.866939608
165,586,0.866939608
165,588,0.866939608
165,655,0.866939608
165,660,0.866939608
165,723,0.866939608
165,724,0.866939608
165,1018,0.866939608
169,130,0.863610062
174,175,0.946761078
175,174,0.946761078
187,188,0.989623411
188,187,0.989623411
199,77,0.894533644
199,101,0.942871376
199,596,0.882111209
199,659,0.942871376
227,227,0.929602996
228,226,0.929602996
230,1009,0.97885836
236,237,0.905148108
237,236,0.905148108
259,416,0.878112153
261,819,0.895494029
265,130,0.863610062
270,271,0.946857372
271,270,0.946857372
287,288,0.923661369
288,287,0.923661369
294,591,0.929731037
294,623,0.929731037
294,624,0.929731037
294,922,0.929731037
336,77,0.894533644
336,101,0.942871376
336,596,0.882111209
336,659,0.942871376
347,348,0.966027345
348,347,0.966027345
357,601,0.860165329
357,912,0.852689212
365,366,0.908962615
366,365,0.908962615
371,601,0.860165329
371,912,0.852689212
388,389,0.946871226
389,388,0.946871226
396,980,0.874197325
398,77,0.894533644
398,101,0.942871376
398,596,0.882111209
398,659,0.942871376
399,77,0.894533644
399,101,0.942871376
399,596,0.882111209
399,659,0.942871376
402,489,0.962693703
416,114,0.880322822
416,259,0.878112153
416,778,0.962661434
416,779,0.962661434
420,489,0.962693703
422,77,0.894533644
422,101,0.942871376
422,596,0.882111209
422,659,0.942871376
427,77,0.894533644
427,101,0.942871376
427,596,0.882111209
427,659,0.942871376
434,435,0.961258202
434,439,0.854176917
434,683,0.852816906
435,434,0.961258202
439,434,0.854176917
468,619,0.853595819
468,794,0.853595819
482,489,0.962693703
486,77,0.894533644
486,101,0.942871376
486,596,0.882111209
486,659,0.942871376
488,489,0.962693703
489,111,0.962693703
489,140,0.962693703
489,144,0.962693703
489,402,0.962693703
489,420,0.962693703
489,482,0.962693703
489,488,0.962693703
489,573,0.962693703
489,583,0.962693703
489,608,0.962693703
489,668,0.962693703
489,826,0.962693703
489,852,0.962693703
493,601,0.860165329
493,912,0.852689212
496,619,0.853595819
496,794,0.853595819
506,77,0.894533644
506,101,0.942871376
506,596,0.882111209
506,659,0.942871376
527,533,0.98748448
528,533,0.98748448
529,533,0.98748448
530,533,0.98748448
531,533,0.98748448
532,533,0.98748448
533,527,0.98748448
533,528,0.98748448
533,529,0.98748448
533,530,0.98748448
533,531,0.98748448
533,532,0.98748448
533,534,0.98748448
534,533,0.98748448
542,77,0.894533644
542,101,0.942871376
542,596,0.882111209
542,659,0.942871376
546,77,0.894533644
546,101,0.942871376
546,596,0.882111209
546,659,0.942871376
552,637,0.923373954
552,652,0.923373954
552,962,0.923373954
557,619,0.853595819
557,794,0.853595819
565,77,0.894533644
565,101,0.942871376
565,596,0.882111209
565,659,0.942871376
566,77,0.894533644
566,101,0.942871376
566,596,0.882111209
566,659,0.942871376
572,165,0.866939608
572,704,0.861430029
573,489,0.962693703
578,165,0.866939608
578,704,0.861430029
582,77,0.894533644
582,101,0.942871376
582,596,0.882111209
582,659,0.942871376
583,489,0.962693703
586,165,0.866939608
586,704,0.861430029
588,165,0.866939608
588,704,0.861430029
591,294,0.929731037
596,73,0.882111209
596,74,0.882111209
596,80,0.882111209
596,199,0.882111209
596,336,0.882111209
596,398,0.882111209
596,399,0.882111209
596,422,0.882111209
596,427,0.882111209
596,486,0.882111209
596,506,0.882111209
596,542,0.882111209
596,546,0.882111209
596,565,0.882111209
596,566,0.882111209
596,582,0.882111209
596,634,0.882111209
596,648,0.882111209
596,809,0.882111209
596,829,0.882111209
596,834,0.882111209
596,844,0.882111209
596,899,0.882111209
596,950,0.882111209
596,952,0.882111209
596,954,0.882111209
596,956,0.882111209
596,971,0.882111209
596,981,0.882111209
596,989,0.882111209
596,990,0.882111209
596,1007,0.882111209
596,1012,0.882111209
601,27,0.860165329
601,357,0.860165329
601,371,0.860165329
601,493,0.860165329
601,746,0.860165329
601,747,0.860165329
601,920,0.860165329
601,1010,0.860165329
608,489,0.962693703
619,149,0.853595819
619,468,0.853595819
619,496,0.853595819
619,557,0.853595819
619,620,0.853595819
620,619,0.853595819
620,794,0.853595819
622,898,0.935675587
623,294,0.929731037
624,294,0.929731037
634,77,0.894533644
634,101,0.942871376
634,596,0.882111209
634,659,0.942871376
637,552,0.923373954
640,812,0.932266407
648,77,0.894533644
648,101,0.942871376
648,596,0.882111209
648,659,0.942871376
652,552,0.923373954
655,165,0.866939608
655,704,0.861430029
659,73,0.942871376
659,74,0.942871376
659,77,0.953503859
659,80,0.942871376
659,199,0.942871376
659,336,0.942871376
659,398,0.942871376
659,399,0.942871376
659,422,0.942871376
659,427,0.942871376
659,486,0.942871376
659,506,0.942871376
659,542,0.942871376
659,546,0.942871376
659,565,0.942871376
659,566,0.942871376
659,582,0.942871376
659,634,0.942871376
659,648,0.942871376
659,809,0.942871376
659,829,0.942871376
659,834,0.942871376
659,844,0.942871376
659,899,0.942871376
659,950,0.942871376
659,952,0.942871376
659,954,0.942871376
659,956,0.942871376
659,971,0.942871376
659,981,0.942871376
659,989,0.942871376
659,990,0.942871376
659,1007,0.942871376
659,1012,0.942871376
660,165,0.866939608
660,704,0.861430029
668,489,0.962693703
677,97,0.879463426
683,434,0.852816906
704,93,0.861430029
704,572,0.861430029
704,578,0.861430029
704,586,0.861430029
704,588,0.861430029
704,655,0.861430029
704,660,0.861430029
704,723,0.861430029
704,724,0.861430029
704,1018,0.861430029
707,709,0.940331154
707,725,0.924519438
707,726,0.924519438
707,727,0.924519438
708,709,0.940331154
708,725,0.924519438
708,726,0.924519438
708,727,0.924519438
709,707,0.940331154
709,708,0.940331154
709,725,0.86743629
709,726,0.86743629
709,727,0.86743629
715,42,0.890464129
715,716,0.877808579
716,715,0.877808579
716,1020,0.866306765
723,165,0.866939608
723,704,0.861430029
724,165,0.866939608
724,704,0.861430029
725,707,0.924519438
725,708,0.924519438
725,709,0.86743629
726,707,0.924519438
726,708,0.924519438
726,709,0.86743629
727,707,0.924519438
727,708,0.924519438
727,709,0.86743629
734,802,0.852323677
735,802,0.852323677
745,104,0.870743538
746,601,0.860165329
746,912,0.852689212
747,601,0.860165329
747,912,0.852689212
754,1037,0.864667207
755,974,0.864484239
778,416,0.962661434
779,416,0.962661434
780,1023,0.899424777
794,149,0.853595819
794,468,0.853595819
794,496,0.853595819
794,557,0.853595819
794,620,0.853595819
802,734,0.852323677
802,735,0.852323677
809,77,0.894533644
809,101,0.942871376
809,596,0.882111209
809,659,0.942871376
812,640,0.932266407
819,261,0.895494029
826,489,0.962693703
829,77,0.894533644
829,101,0.942871376
829,596,0.882111209
829,659,0.942871376
833,1001,0.895575014
834,77,0.894533644
834,101,0.942871376
834,596,0.882111209
834,659,0.942871376
844,77,0.894533644
844,101,0.942871376
844,596,0.882111209
844,659,0.942871376
852,489,0.962693703
855,917,0.881182381
883,130,0.863610062
887,54,0.899207767
898,622,0.935675587
899,77,0.894533644
899,101,0.942871376
899,596,0.882111209
899,659,0.942871376
912,27,0.852689212
912,357,0.852689212
912,371,0.852689212
912,493,0.852689212
912,746,0.852689212
912,747,0.852689212
912,920,0.852689212
912,1010,0.852689212
917,855,0.881182381
920,601,0.860165329
920,912,0.852689212
922,294,0.929731037
943,94,0.86156671
943,959,0.86156671
950,77,0.894533644
950,101,0.942871376
950,596,0.882111209
950,659,0.942871376
952,77,0.894533644
952,101,0.942871376
952,596,0.882111209
952,659,0.942871376
954,77,0.894533644
954,101,0.942871376
954,596,0.882111209
954,659,0.942871376
956,77,0.894533644
956,101,0.942871376
956,596,0.882111209
956,659,0.942871376
959,943,0.86156671
962,552,0.923373954
967,965,0.952691015
967,966,0.941808466
969,77,0.894533644
969,101,0.942871376
969,596,0.882111209
969,659,0.942871376
972,755,0.864484239
973,964,0.952691015
973,966,0.988767347
975,964,0.941808466
975,965,0.988767347
980,396,0.874197325
981,77,0.894533644
981,101,0.942871376
981,596,0.882111209
981,659,0.942871376
989,77,0.894533644
989,101,0.942871376
989,596,0.882111209
989,659,0.942871376
990,77,0.894533644
990,101,0.942871376
990,596,0.882111209
990,659,0.942871376
1001,833,0.895575014
1004,77,0.894533644
1004,101,0.942871376
1004,596,0.882111209
1004,659,0.942871376
1005,1005,0.923619987
1005,1006,0.90053622
1007,1004,0.923619987
1007,1006,0.876965886
1008,601,0.860165329
1008,912,0.852689212
1009,230,0.97885836
1011,77,0.894533644
1011,101,0.942871376
1011,596,0.882111209
1011,659,0.942871376
1017,1004,0.90053622
1017,1005,0.876965886
1018,165,0.866939608
1018,704,0.861430029
1020,716,0.866306765
1023,780,0.899424777
1037,754,0.864667207
