1,2,0.997935897
1,3,0.958986398
1,6,0.997901358
1,101,0.953062812
1,118,0.965022792
1,153,0.951885076
1,162,0.95382359
1,176,0.959846495
1,197,0.959224881
1,225,0.9588995
1,226,0.958997415
1,228,0.954205122
1,267,0.95355388
1,268,0.95355388
1,269,0.9533797
1,302,0.964053252
1,317,0.951337857
1,318,0.952899617
1,336,0.958165027
1,349,0.968911977
1,362,0.95971114
1,389,0.953276383
1,391,0.959065148
1,395,0.964244888
1,404,0.962556728
1,413,0.960645918
1,422,0.956580709
1,429,0.959055414
1,433,0.967121838
1,452,0.950171876
1,513,0.968217348
1,520,0.963113038
1,523,0.957908545
1,534,0.952311979
1,596,0.958414497
1,606,0.956148049
1,624,0.952457042
1,628,0.957083918
1,646,0.950693174
1,677,0.966405324
1,680,0.950469104
1,704,0.965951702
1,762,0.954020958
1,768,0.950931275
1,778,0.951000517
1,788,0.962636288
1,789,0.95582044
1,790,0.975297788
1,791,0.960079531
1,793,0.965630708
1,794,0.959132654
1,795,0.961609349
1,796,0.962093489
1,797,0.95115804
1,798,0.975185542
1,802,0.966744108
1,804,0.958365412
1,818,0.956974355
1,821,0.951071813
1,823,0.961565264
1,831,0.967349891
1,836,0.968926
1,856,0.970121068
1,900,0.950845103
1,928,0.958109425
1,990,0.962655399
1,991,0.962542114
1,1041,0.95429567
1,1060,0.999812023
2,1,0.997935897
2,3,0.960365985
2,6,0.999220673
2,52,0.951168882
2,101,0.953833192
2,118,0.966232834
2,129,0.950528111
2,153,0.953027037
2,162,0.954612858
2,176,0.960812803
2,197,0.959525682
2,225,0.959384743
2,226,0.959481484
2,228,0.954839699
2,267,0.954849294
2,268,0.954849294
2,269,0.954616293
2,302,0.965815819
2,317,0.953145936
2,318,0.954395026
2,336,0.959793901
2,349,0.970087621
2,362,0.960464019
2,389,0.955430215
2,391,0.960840756
2,395,0.965779819
2,404,0.964755632
2,413,0.961836097
2,422,0.958630149
2,429,0.960211578
2,433,0.968505082
2,450,0.950168166
2,452,0.951465445
2,513,0.969122642
2,520,0.964215405
2,523,0.958551804
2,534,0.953403575
2,596,0.959464833
2,606,0.956777008
2,624,0.953139039
2,628,0.957333851
2,646,0.950782843
2,677,0.966951774
2,680,0.950684817
2,704,0.96657528
2,762,0.95639146
2,768,0.952402357
2,778,0.953155918
2,788,0.963027721
2,789,0.957201932
2,790,0.977309633
2,791,0.960850995
2,793,0.966681087
2,794,0.960490702
2,795,0.961887413
2,796,0.962485009
2,797,0.951945555
2,798,0.97718807
2,802,0.968187224
2,804,0.959313272
2,818,0.958247332
2,821,0.951848623
2,823,0.963113965
2,831,0.967963188
2,836,0.969894697
2,856,0.971407508
2,900,0.951911124
2,928,0.959592171
2,990,0.964080482
2,991,0.963942155
2,1041,0.955227861
3,1,0.958986398
3,2,0.960365985
3,6,0.951296944
3,101,0.950674959
3,118,0.956902425
3,148,0.952165068
3,176,0.950931321
3,197,0.955855862
3,224,0.951001552
3,225,0.9514482
3,226,0.951728664
3,228,0.950240883
3,267,0.954484933
3,268,0.954484933
3,269,0.951775517
3,302,0.955428919
3,318,0.95513784
3,336,0.950559792
3,349,0.964207053
3,362,0.955259218
3,389,0.950694948
3,391,0.959886725
3,395,0.951246763
3,404,0.953123074
3,413,0.956286451
3,422,0.953174238
3,429,0.955383116
3,433,0.961857963
3,513,0.95995104
3,520,0.955615947
3,523,0.95123526
3,534,0.951280149
3,596,0.956705186
3,606,0.951865624
3,663,0.95156658
3,677,0.958915082
3,680,0.951116692
3,704,0.958877011
3,762,0.954804496
3,778,0.952243277
3,788,0.955653614
3,789,0.953934544
3,790,0.966368973
3,791,0.952594194
3,793,0.958754356
3,794,0.958474336
3,795,0.956054205
3,796,0.955483385
3,798,0.966452472
3,802,0.960909577
3,804,0.956117339
3,823,0.957480788
3,831,0.959308383
3,836,0.964945474
3,856,0.961344603
3,928,0.953196071
3,990,0.957356667
3,991,0.95743326
3,1041,0.951014777
3,1060,0.95237294
6,1,0.997901358
6,2,0.999220673
6,3,0.951296944
6,52,0.951837692
6,101,0.954375238
6,118,0.966979017
6,153,0.952323855
6,162,0.955044897
6,176,0.961818271
6,197,0.960278032
6,225,0.959539148
6,226,0.959599402
6,228,0.955161193
6,267,0.954588878
6,268,0.954588878
6,269,0.954374212
6,302,0.966140838
6,317,0.952770142
6,318,0.9538672
6,336,0.959940567
6,349,0.97087227
6,362,0.961627283
6,389,0.954528019
6,391,0.961307391
6,395,0.965434959
6,404,0.963915323
6,413,0.962410765
6,422,0.95857339
6,429,0.960936858
6,433,0.968993436
6,452,0.95085696
6,513,0.970300168
6,520,0.964790741
6,523,0.958515685
6,534,0.953973003
6,596,0.960411936
6,606,0.957468237
6,624,0.95353884
6,628,0.957586938
6,646,0.950708986
6,659,0.950427142
6,677,0.967797156
6,680,0.951026914
6,704,0.966755039
6,723,0.950381795
6,762,0.955575063
6,768,0.952176462
6,778,0.952471871
6,788,0.963743331
6,789,0.957167844
6,790,0.976979823
6,791,0.961224287
6,793,0.966797334
6,794,0.96034593
6,795,0.96274244
6,796,0.963265929
6,797,0.951097834
6,798,0.976827448
6,802,0.967515306
6,804,0.960029557
6,818,0.95734236
6,821,0.951001134
6,823,0.962616852
6,831,0.968161629
6,836,0.970248329
6,856,0.971601124
6,900,0.952334367
6,928,0.959881786
6,990,0.964292856
6,991,0.964153459
6,1041,0.955346621
7,30,0.999251009
7,153,0.950772955
7,391,0.951451447
7,762,0.952896767
7,778,0.951876769
7,790,0.955047985
7,798,0.954607051
7,900,0.950257592
8,557,0.99959151
8,582,0.952633458
11,233,0.997746216
11,885,0.994846374
30,7,0.999251009
30,118,0.950084514
30,153,0.952047628
30,391,0.951278549
30,704,0.950798188
30,762,0.95193654
30,778,0.950936392
30,790,0.955992131
30,798,0.955536091
30,831,0.950408785
30,900,0.950552584
52,2,0.951168882
52,6,0.951837692
52,723,0.995645282
75,641,0.988917295
82,83,0.998141673
83,82,0.998141673
85,893,0.993029277
86,805,0.990948998
92,118,0.961177082
92,131,0.953090914
92,148,0.953522254
92,162,0.966928798
92,176,0.952610524
92,197,0.957396796
92,224,0.95251832
92,302,0.965032808
92,336,0.956794715
92,349,0.969893487
92,362,0.956710731
92,391,0.95911584
92,413,0.962967692
92,422,0.957618114
92,429,0.950051442
92,433,0.963776853
92,513,0.967671248
92,520,0.957537232
92,532,0.954858114
92,548,0.951660706
92,550,0.971426461
92,569,0.962732956
92,596,0.97298264
92,606,0.960145235
92,608,0.956074936
92,659,0.956132049
92,677,0.959131177
92,680,0.956681431
92,704,0.957855926
92,788,0.955115397
92,789,0.953951765
92,790,0.96049525
92,791,0.95104561
92,793,0.960061367
92,794,0.957027063
92,795,0.953621195
92,796,0.955410477
92,798,0.960256986
92,802,0.951433625
92,804,0.955336099
92,831,0.958471856
92,836,0.964932309
92,856,0.962127553
92,928,0.962164571
92,990,0.954259495
92,991,0.95366367
92,1041,0.964939011
96,97,0.9981483
97,96,0.9981483
98,250,0.998949631
98,443,0.99820083
101,1,0.953062812
101,2,0.953833192
101,3,0.950674959
101,6,0.954375238
101,790,0.950811978
101,798,0.950213167
103,391,0.952731451
103,680,0.957287977
103,882,0.985146938
111,960,0.990224463
118,1,0.965022792
118,2,0.966232834
118,3,0.956902425
118,6,0.966979017
118,30,0.950084514
118,92,0.961177082
118,279,0.957322072
118,561,0.957492135
120,680,0.951150871
121,721,0.9858771
122,529,0.991137165
128,129,0.99693581
128,296,0.994682285
128,297,0.994685773
128,298,0.956443647
128,299,0.956443647
128,300,0.958081685
128,301,0.956778356
128,436,0.993389146
128,455,0.953812421
128,456,0.957174886
128,528,0.990258981
128,609,0.994561482
128,759,0.957093618
128,760,0.957093618
128,761,0.957393678
128,762,0.956562098
128,764,0.955886375
128,765,0.956607763
128,766,0.956607763
128,767,0.95642876
128,768,0.957746655
128,778,0.954041381
129,2,0.950528111
129,128,0.99693581
129,296,0.993815429
129,297,0.993648093
129,298,0.954374379
129,299,0.954374379
129,300,0.955690405
129,301,0.954657276
129,436,0.99295679
129,455,0.951693313
129,456,0.954889399
129,528,0.989930204
129,609,0.99416925
129,759,0.955816154
129,760,0.955816154
129,761,0.956118135
129,762,0.95575736
129,764,0.953800619
129,765,0.954428879
129,766,0.954428879
129,767,0.954253419
129,768,0.95536178
129,778,0.953129934
130,247,0.999770514
131,92,0.953090914
131,391,0.95338121
131,596,0.954379262
131,659,0.998769458
131,680,0.958576524
131,1041,0.952092161
133,801,0.995949995
138,963,0.998709748
148,3,0.952165068
148,92,0.953522254
148,224,0.998996571
148,349,0.951200494
148,433,0.952389924
148,790,0.950788175
150,673,0.99748146
150,878,0.992971059
151,765,0.950268718
151,766,0.950268718
151,790,0.953463444
151,798,0.952761728
153,1,0.951885076
153,2,0.953027037
153,6,0.952323855
153,7,0.950772955
153,30,0.952047628
160,161,0.998145365
160,166,0.999639881
160,831,0.950211282
161,160,0.998145365
161,176,0.950367687
161,704,0.953265321
161,831,0.953863109
162,1,0.95382359
162,2,0.954612858
162,6,0.955044897
162,92,0.966928798
162,176,0.958145685
162,197,0.962880135
162,220,0.950069747
162,224,0.953389642
162,250,0.950109605
162,302,0.96208661
162,308,0.95456721
162,336,0.957772492
162,349,0.9692399
162,356,0.950161078
162,362,0.959188631
162,391,0.966301125
162,395,0.950647127
162,413,0.964119311
162,422,0.957298534
162,429,0.952838242
162,433,0.96603235
162,513,0.968299745
162,518,0.954712505
162,520,0.957064522
162,525,0.954617104
162,532,0.959284598
162,550,0.968105356
162,568,0.954741184
162,569,0.95938995
162,585,0.95219542
162,596,0.974955571
162,606,0.964998482
162,608,0.955983169
162,628,0.951838372
162,646,0.953803561
162,659,0.968289549
162,677,0.959289481
162,680,0.961910649
162,694,0.95031554
162,704,0.960013956
162,762,0.955759272
162,778,0.952412904
162,788,0.953941556
162,789,0.955435358
162,790,0.963714739
162,791,0.955506259
162,793,0.961428302
162,794,0.958443863
162,795,0.952255685
162,796,0.954172813
162,798,0.963896852
162,802,0.961768492
162,804,0.956599123
162,823,0.950172446
162,831,0.959728871
162,836,0.965948821
162,856,0.962451651
162,875,0.955379017
162,900,0.95075509
162,928,0.960711421
162,950,0.955527683
162,990,0.953207596
162,991,0.952854487
162,1008,0.952875114
162,1041,0.973743902
162,1052,0.952414921
162,1060,0.950338301
166,160,0.999639881
166,704,0.950045557
166,831,0.950529124
168,661,0.995338481
170,695,0.997029463
176,1,0.959846495
176,2,0.960812803
176,3,0.950931321
176,6,0.961818271
176,92,0.952610524
176,161,0.950367687
176,162,0.958145685
176,228,0.950042511
176,349,0.956636181
176,362,0.950984738
176,391,0.952139624
176,429,0.955291403
176,433,0.951359172
176,513,0.955410043
176,596,0.952130919
176,677,0.957153864
176,680,0.952831939
176,704,0.95874249
176,762,0.952577319
176,778,0.950450054
176,788,0.950605491
176,790,0.960115269
176,794,0.950350992
176,796,0.951084938
176,798,0.958581612
176,831,0.958748888
176,836,0.95833188
176,856,0.954797245
176,990,0.950916716
176,991,0.95061649
176,1041,0.950874644
186,349,0.950055881
186,680,0.95624828
186,790,0.954228541
186,798,0.952839782
186,1041,0.95347438
189,596,0.952808549
189,680,0.952762665
189,1008,0.956222568
189,1041,0.955853331
196,659,0.952812288
196,680,0.952518402
196,1041,0.959008111
197,1,0.959224881
197,2,0.959525682
197,3,0.955855862
197,6,0.960278032
197,92,0.957396796
197,162,0.962880135
197,220,0.951477735
197,223,0.951564049
197,225,0.950062356
197,226,0.950171879
197,267,0.953894344
197,268,0.953894344
197,269,0.952541208
197,296,0.951097193
197,297,0.951221516
197,302,0.962901511
197,336,0.955626779
197,349,0.970085025
197,362,0.959235317
197,391,0.966891702
197,395,0.956419133
197,404,0.954254036
197,413,0.961801469
197,422,0.954768936
197,429,0.961161746
197,433,0.965528133
197,436,0.951491646
197,513,0.964989701
197,520,0.95533134
197,528,0.951365355
197,550,0.953719767
197,569,0.951340527
197,596,0.964300886
197,606,0.961517924
197,624,0.95457283
197,659,0.955469811
197,677,0.967880657
197,680,0.950377215
197,704,0.96348405
197,759,0.951817493
197,760,0.951817493
197,761,0.951849
197,762,0.955083365
197,778,0.951726393
197,788,0.953818355
197,789,0.961463546
197,790,0.967937671
197,791,0.9515136
197,793,0.961309449
197,794,0.964791307
197,795,0.952109609
197,796,0.954006183
197,798,0.967563397
197,802,0.962866604
197,804,0.961822243
197,818,0.950290443
197,823,0.953385964
197,831,0.964536646
197,836,0.97108593
197,856,0.963340847
197,928,0.955039036
197,990,0.955316419
197,991,0.955001994
197,1041,0.958690504
200,452,0.960293403
200,704,0.951894245
200,790,0.951842106
200,798,0.951150173
200,831,0.952215798
203,384,0.997628278
204,757,0.993126943
205,680,0.951569457
207,208,0.998064008
208,207,0.998064008
220,162,0.950069747
220,197,0.951477735
220,296,0.958279027
220,297,0.95818962
220,302,0.953223816
220,349,0.95422587
220,362,0.951211501
220,391,0.95754045
220,395,0.953202915
220,429,0.952191263
220,433,0.950631784
220,436,0.96018974
220,513,0.952781826
220,528,0.955547362
220,609,0.958310823
220,659,0.951501709
220,677,0.952797412
220,680,0.952238714
220,704,0.951594168
220,762,0.957549366
220,778,0.95526767
220,790,0.953324882
220,794,0.950488291
220,798,0.952580794
220,802,0.950652431
220,831,0.951353093
220,836,0.952168616
220,856,0.950281828
220,1041,0.951513901
223,197,0.951564049
223,296,0.958223321
223,297,0.958134363
223,302,0.953244549
223,349,0.954212109
223,362,0.951228457
223,391,0.957601525
223,395,0.953152448
223,429,0.952128818
223,433,0.950585487
223,436,0.960135997
223,513,0.952723019
223,528,0.955493352
223,609,0.958254371
223,659,0.951116264
223,677,0.95273002
223,680,0.952416904
223,704,0.951524682
223,762,0.957535385
223,778,0.955250999
223,790,0.953336579
223,794,0.950617203
223,798,0.952592461
223,802,0.950693834
223,831,0.951283018
223,836,0.952038473
223,856,0.95023351
223,1041,0.9514374
224,3,0.951001552
224,92,0.95251832
224,148,0.998996571
224,162,0.953389642
224,349,0.950090843
224,433,0.951851266
224,790,0.950408784
225,1,0.9588995
225,2,0.959384743
225,3,0.9514482
225,6,0.959539148
225,197,0.950062356
225,226,0.99993271
225,523,0.997196752
226,1,0.958997415
226,2,0.959481484
226,3,0.951728664
226,6,0.959599402
226,197,0.950171879
226,225,0.99993271
226,523,0.997077907
226,790,0.950037912
228,1,0.954205122
228,2,0.954839699
228,3,0.950240883
228,6,0.955161193
228,176,0.950042511
233,11,0.997746216
233,885,0.99414597
234,235,0.996336376
235,234,0.996336376
238,405,0.996437125
243,971,0.984424959
247,130,0.999770514
248,680,0.950397596
248,1007,0.994430567
250,98,0.998949631
250,162,0.950109605
250,443,0.996845495
252,968,0.998866686
257,681,0.999244187
257,959,0.996248824
259,260,0.996691831
260,259,0.996691831
262,773,0.998266847
267,1,0.95355388
267,2,0.954849294
267,3,0.954484933
267,6,0.954588878
267,197,0.953894344
267,269,0.995401246
268,1,0.95355388
268,2,0.954849294
268,3,0.954484933
268,6,0.954588878
268,197,0.953894344
268,269,0.995401246
269,1,0.9533797
269,2,0.954616293
269,3,0.951775517
269,6,0.954374212
269,197,0.952541208
269,267,0.995401246
269,268,0.995401246
270,271,0.990817306
271,270,0.990817306
274,421,0.997986251
274,439,0.999697248
274,1042,0.998958382
274,1043,0.997272064
277,278,0.993418144
278,277,0.993418144
279,118,0.957322072
279,561,0.999387935
281,349,0.9513658
281,362,0.950093898
281,513,0.950491041
281,704,0.955153729
281,788,0.950273591
281,790,0.951843055
281,796,0.950723712
281,798,0.950673418
281,831,0.955061203
282,349,0.9513658
282,362,0.950093898
282,513,0.950491041
282,704,0.955153729
282,788,0.950273591
282,790,0.951843055
282,796,0.950723712
282,798,0.950673418
282,831,0.955061203
290,293,0.999934177
290,294,0.999934177
293,290,0.999934177
294,290,0.999934177
295,477,0.998912394
296,128,0.994682285
296,129,0.993815429
296,197,0.951097193
296,220,0.958279027
296,223,0.958223321
296,297,0.99961311
296,298,0.955340311
296,299,0.955340311
296,300,0.957575802
296,301,0.955696091
296,436,0.997443602
296,455,0.952676091
296,456,0.956562119
296,528,0.994417485
296,609,0.998724666
296,759,0.955851182
296,760,0.955851182
296,761,0.956185736
296,762,0.955537644
296,764,0.954705862
296,765,0.954976975
296,766,0.954976975
296,767,0.955244322
296,768,0.957118032
296,778,0.952905641
297,128,0.994685773
297,129,0.993648093
297,197,0.951221516
297,220,0.95818962
297,223,0.958134363
297,296,0.99961311
297,298,0.955715491
297,299,0.955715491
297,300,0.957867602
297,301,0.956005019
297,436,0.997719274
297,455,0.952988403
297,456,0.956842432
297,528,0.994684648
297,609,0.999112636
297,759,0.955938453
297,760,0.955938453
297,761,0.956243083
297,762,0.955975344
297,764,0.955016986
297,765,0.955378076
297,766,0.955378076
297,767,0.955555937
297,768,0.957526259
297,778,0.953224531
297,831,0.950408493
298,128,0.956443647
298,129,0.954374379
298,296,0.955340311
298,297,0.955715491
298,300,0.998390728
298,455,0.998354255
298,456,0.994620947
298,764,0.999371946
298,765,0.991617122
298,766,0.991617122
298,768,0.988868043
299,128,0.956443647
299,129,0.954374379
299,296,0.955340311
299,297,0.955715491
299,300,0.998390728
299,455,0.998354255
299,456,0.994620947
299,764,0.999371946
299,765,0.991617122
299,766,0.991617122
299,768,0.988868043
300,128,0.958081685
300,129,0.955690405
300,296,0.957575802
300,297,0.957867602
300,298,0.998390728
300,299,0.998390728
300,301,0.999030374
300,455,0.996953281
300,456,0.994720404
300,764,0.998032694
300,765,0.990621138
300,766,0.990621138
300,767,0.998678997
300,768,0.98878023
301,128,0.956778356
301,129,0.954657276
301,296,0.955696091
301,297,0.956005019
301,300,0.999030374
301,455,0.997182169
301,456,0.992432439
301,764,0.998258337
301,765,0.990797388
301,766,0.990797388
301,767,0.998902621
301,768,0.987207145
302,1,0.964053252
302,2,0.965815819
302,3,0.955428919
302,6,0.966140838
302,92,0.965032808
302,162,0.96208661
302,197,0.962901511
302,220,0.953223816
302,223,0.953244549
302,455,0.955366442
302,456,0.958929651
302,764,0.956450728
302,765,0.957413184
302,766,0.957413184
302,767,0.956697018
302,768,0.958690391
307,312,0.999842834
307,313,0.999647998
307,391,0.955513992
307,456,0.950885537
307,768,0.950752386
307,790,0.9500494
307,798,0.95024607
307,831,0.950020155
308,162,0.95456721
309,310,0.997025117
310,309,0.997025117
312,307,0.999842834
312,313,0.999798392
312,391,0.955451686
312,456,0.951536064
312,677,0.950071795
312,768,0.951638224
312,790,0.950287994
312,798,0.950468184
312,831,0.950305854
313,307,0.999647998
313,312,0.999798392
313,391,0.955115722
313,456,0.950828796
313,768,0.950670759
313,790,0.950166389
313,798,0.950364852
313,831,0.950070067
317,1,0.951337857
317,2,0.953145936
317,6,0.952770142
317,349,0.95184077
317,391,0.957582019
317,395,0.952457866
317,429,0.952091059
317,450,0.952177346
317,513,0.953373168
317,677,0.955023396
317,680,0.950348759
317,704,0.953298063
317,762,0.95259339
317,778,0.952516074
317,787,0.956596293
317,789,0.951211669
317,790,0.958131115
317,794,0.952954074
317,798,0.957473695
317,802,0.953744424
317,831,0.95293334
317,836,0.95440642
317,856,0.950965895
318,1,0.952899617
318,2,0.954395026
318,3,0.95513784
318,6,0.9538672
319,395,0.950558239
319,487,0.996685408
324,881,0.974039741
336,1,0.958165027
336,2,0.959793901
336,3,0.950559792
336,6,0.959940567
336,92,0.956794715
336,162,0.957772492
336,197,0.955626779
336,349,0.982822845
336,362,0.962254586
336,389,0.953571721
336,391,0.971344057
336,395,0.966294191
336,404,0.958715711
336,413,0.979442427
336,422,0.970263649
336,429,0.962844312
336,433,0.980109282
336,436,0.951333874
336,452,0.953719929
336,487,0.950886014
336,513,0.979725813
336,518,0.953157008
336,520,0.973633472
336,525,0.954883466
336,528,0.951148963
336,532,0.960706182
336,534,0.956634938
336,550,0.964669677
336,569,0.963314178
336,596,0.972877208
336,606,0.96650084
336,624,0.951455357
336,628,0.952840844
336,659,0.953501438
336,677,0.97268039
336,704,0.970867825
336,723,0.956989609
336,759,0.950566695
336,760,0.950566695
336,761,0.950768852
336,762,0.959741719
336,778,0.956357173
336,788,0.965722969
336,789,0.963805881
336,790,0.976155673
336,791,0.965786801
336,793,0.975232624
336,794,0.966748411
336,795,0.963422626
336,796,0.965186116
336,798,0.97624915
336,802,0.969047783
336,804,0.967894667
336,818,0.952233384
336,823,0.96315621
336,831,0.971285219
336,836,0.977702994
336,855,0.953999612
336,856,0.977053974
336,900,0.951731555
336,928,0.982729558
336,990,0.964514457
336,991,0.964419228
336,1041,0.962199916
336,1060,0.961653423
339,682,0.997426447
349,1,0.968911977
349,2,0.970087621
349,3,0.964207053
349,6,0.97087227
349,92,0.969893487
349,148,0.951200494
349,162,0.9692399
349,176,0.956636181
349,186,0.950055881
349,197,0.970085025
349,220,0.95422587
349,223,0.954212109
349,224,0.950090843
349,281,0.9513658
349,282,0.9513658
349,317,0.95184077
349,336,0.982822845
349,391,0.962186089
349,395,0.952718687
349,413,0.964199666
349,422,0.951191237
349,429,0.952894702
349,433,0.967232911
349,513,0.965214244
349,520,0.961276512
349,550,0.950929741
349,569,0.952013227
349,596,0.961976304
349,606,0.958661096
349,677,0.964274422
349,704,0.961389868
349,762,0.95265138
349,778,0.950809166
349,788,0.951678118
349,789,0.95389725
349,790,0.966108557
349,791,0.954388742
349,793,0.961886529
349,794,0.957522756
349,795,0.950947137
349,796,0.951717387
349,798,0.965798074
349,802,0.955713453
349,804,0.957567853
349,823,0.952518332
349,831,0.96098706
349,836,0.969206974
349,856,0.965921446
349,928,0.957392322
349,990,0.957692657
349,991,0.957742517
349,1041,0.950528252
350,970,0.986644875
354,680,0.952253464
356,162,0.950161078
362,1,0.95971114
362,2,0.960464019
362,3,0.955259218
362,6,0.961627283
362,92,0.956710731
362,162,0.959188631
362,176,0.950984738
362,197,0.959235317
362,220,0.951211501
362,223,0.951228457
362,281,0.950093898
362,282,0.950093898
362,336,0.962254586
377,546,0.998701724
378,546,0.998701724
379,546,0.998701724
380,546,0.998701724
384,203,0.997628278
389,1,0.953276383
389,2,0.955430215
389,3,0.950694948
389,6,0.954528019
389,336,0.953571721
389,391,0.951649176
389,404,0.951176129
389,513,0.95021447
389,790,0.95306624
389,794,0.950566106
389,798,0.952909494
391,1,0.959065148
391,2,0.960840756
391,3,0.959886725
391,6,0.961307391
391,7,0.951451447
391,30,0.951278549
391,92,0.95911584
391,103,0.952731451
391,131,0.95338121
391,162,0.966301125
391,176,0.952139624
391,197,0.966891702
391,220,0.95754045
391,223,0.957601525
391,307,0.955513992
391,312,0.955451686
391,313,0.955115722
391,317,0.957582019
391,336,0.971344057
391,349,0.962186089
391,389,0.951649176
395,1,0.964244888
395,2,0.965779819
395,3,0.951246763
395,6,0.965434959
395,162,0.950647127
395,197,0.956419133
395,220,0.953202915
395,223,0.953152448
395,317,0.952457866
395,319,0.950558239
395,336,0.966294191
395,349,0.952718687
396,741,0.987267536
396,763,0.98728595
404,1,0.962556728
404,2,0.964755632
404,3,0.953123074
404,6,0.963915323
404,197,0.954254036
404,336,0.958715711
404,389,0.951176129
405,238,0.996437125
407,736,0.997067909
407,738,0.997067909
408,433,0.951821812
408,445,0.967883062
408,456,0.951003559
408,513,0.952072659
408,677,0.951001132
408,704,0.952983694
408,762,0.9568115
408,765,0.95246022
408,766,0.95246022
408,768,0.952601117
408,778,0.954759158
408,790,0.955450277
408,794,0.950345341
408,798,0.953889574
408,831,0.953881139
408,836,0.952951573
412,924,0.990658506
413,1,0.960645918
413,2,0.961836097
413,3,0.956286451
413,6,0.962410765
413,92,0.962967692
413,162,0.964119311
413,197,0.961801469
413,336,0.979442427
413,349,0.964199666
413,422,0.960042843
413,429,0.95260109
413,433,0.973994246
413,513,0.970246018
413,520,0.969266367
413,532,0.95085595
413,534,0.952892271
413,550,0.960359623
413,569,0.958136217
413,596,0.967704656
413,606,0.961136235
413,677,0.966415771
413,704,0.96984227
413,759,0.95188376
413,760,0.95188376
413,761,0.952175081
413,762,0.952392572
413,788,0.961313068
413,789,0.963150317
413,790,0.972883263
413,791,0.961708439
413,793,0.970904672
413,794,0.966710073
413,795,0.958385025
413,796,0.960972128
413,798,0.972284127
413,802,0.959046724
413,804,0.967554928
413,823,0.957631913
413,831,0.970934954
413,836,0.974352171
413,856,0.971307536
413,928,0.967145269
413,990,0.961213699
413,991,0.961192966
413,1041,0.957550594
413,1060,0.952853188
419,420,0.998949299
420,419,0.998949299
421,274,0.997986251
421,439,0.999551406
421,1042,0.998810702
421,1043,0.997227543
422,1,0.956580709
422,2,0.958630149
422,3,0.953174238
422,6,0.95857339
422,92,0.957618114
422,162,0.957298534
422,197,0.954768936
422,336,0.970263649
422,349,0.951191237
422,413,0.960042843
422,429,0.957946378
422,433,0.978896392
422,513,0.96627232
422,520,0.958416544
422,534,0.951810929
422,569,0.953992511
422,596,0.960727324
422,606,0.95278668
422,677,0.965507307
422,704,0.957380654
422,762,0.951522483
422,788,0.951728986
422,789,0.954150338
422,790,0.965705626
422,791,0.951163942
422,793,0.963123639
422,794,0.957350733
422,795,0.950273424
422,796,0.951768121
422,798,0.965243357
422,802,0.959462435
422,804,0.95509749
422,823,0.955129307
422,831,0.958197308
422,836,0.970892234
422,856,0.966368813
422,928,0.957522431
422,990,0.958706678
422,991,0.958455811
429,1,0.959055414
429,2,0.960211578
429,3,0.955383116
429,6,0.960936858
429,92,0.950051442
429,162,0.952838242
429,176,0.955291403
429,197,0.961161746
429,220,0.952191263
429,223,0.952128818
429,317,0.952091059
429,336,0.962844312
429,349,0.952894702
429,413,0.95260109
429,422,0.957946378
433,1,0.967121838
433,2,0.968505082
433,3,0.961857963
433,6,0.968993436
433,92,0.963776853
433,148,0.952389924
433,162,0.96603235
433,176,0.951359172
433,197,0.965528133
433,220,0.950631784
433,223,0.950585487
433,224,0.951851266
433,336,0.980109282
433,349,0.967232911
433,408,0.951821812
433,413,0.973994246
433,422,0.978896392
433,513,0.965928095
433,520,0.964628452
433,596,0.959745057
433,606,0.95611007
433,677,0.963083636
433,704,0.961260354
433,762,0.954874387
433,778,0.952395146
433,788,0.952784703
433,789,0.952365644
433,790,0.966294437
433,791,0.952859869
433,793,0.960628006
433,794,0.956242421
433,795,0.951697938
433,796,0.953060154
433,798,0.965724764
433,802,0.956639935
433,804,0.953780344
433,823,0.950954089
433,831,0.961375613
433,836,0.968637964
433,856,0.964881891
433,928,0.95960777
433,990,0.954763767
433,991,0.954589536
433,1041,0.950945172
436,128,0.993389146
436,129,0.99295679
436,197,0.951491646
436,220,0.96018974
436,223,0.960135997
436,296,0.997443602
436,297,0.997719274
436,336,0.951333874
436,455,0.952507263
436,456,0.956320843
436,528,0.994166212
436,609,0.998509518
436,704,0.950085195
436,759,0.956316504
436,760,0.956316504
436,761,0.956621405
436,762,0.956327312
436,764,0.954435368
436,765,0.954571879
436,766,0.954571879
436,767,0.954968398
436,768,0.956763477
436,778,0.953708128
436,831,0.951515737
439,274,0.999697248
439,421,0.999551406
439,1042,0.998956892
439,1043,0.997597434
443,98,0.99820083
443,250,0.996845495
445,408,0.967883062
450,2,0.950168166
450,317,0.952177346
451,989,0.989565706
452,1,0.950171876
452,2,0.951465445
452,6,0.95085696
452,200,0.960293403
452,336,0.953719929
452,704,0.952676631
452,790,0.952055596
452,798,0.951165851
452,831,0.952785684
455,128,0.953812421
455,129,0.951693313
455,296,0.952676091
455,297,0.952988403
455,298,0.998354255
455,299,0.998354255
455,300,0.996953281
455,301,0.997182169
455,302,0.955366442
455,436,0.952507263
455,456,0.993259619
455,764,0.999109148
455,765,0.991608977
455,766,0.991608977
455,767,0.999753324
455,768,0.98730409
456,128,0.957174886
456,129,0.954889399
456,296,0.956562119
456,297,0.956842432
456,298,0.994620947
456,299,0.994620947
456,300,0.994720404
456,301,0.992432439
456,302,0.958929651
456,307,0.950885537
456,312,0.951536064
456,313,0.950828796
456,408,0.951003559
456,436,0.956320843
456,455,0.993259619
456,764,0.998370692
456,765,0.993019988
456,766,0.993019988
456,767,0.999017203
456,768,0.992711317
466,467,0.993107947
466,470,0.998385876
466,471,0.994391908
466,473,0.992318705
466,507,0.995424667
467,466,0.993107947
467,468,0.990369882
467,469,0.990369882
467,470,0.99034279
467,471,0.993312887
467,473,0.987298906
467,474,0.990369882
467,507,0.990793576
468,467,0.990369882
468,470,0.998385876
468,471,0.994391908
468,473,0.992318705
468,507,0.995424667
469,467,0.990369882
469,470,0.998385876
469,471,0.994391908
469,473,0.992318705
469,507,0.995424667
470,466,0.998385876
470,467,0.99034279
470,468,0.998385876
470,469,0.998385876
470,471,0.995577008
470,473,0.991857461
470,474,0.999568671
470,507,0.99498248
471,466,0.994391908
471,467,0.993312887
471,468,0.994391908
471,469,0.994391908
471,470,0.995577008
471,473,0.991259488
471,474,0.994314096
471,507,0.994811179
473,466,0.992318705
473,467,0.987298906
473,468,0.992318705
473,469,0.992318705
473,470,0.991857461
473,471,0.991259488
473,474,0.992417743
473,507,0.992352429
474,467,0.990369882
474,470,0.999568671
474,471,0.994314096
474,473,0.992417743
474,507,0.995424667
475,504,0.998198251
477,295,0.998912394
487,319,0.996685408
487,336,0.950886014
504,475,0.998198251
507,466,0.995424667
507,467,0.990793576
507,468,0.995424667
507,469,0.995424667
507,470,0.99498248
507,471,0.994811179
507,473,0.992352429
507,474,0.995424667
513,1,0.968217348
513,2,0.969122642
513,3,0.95995104
513,6,0.970300168
513,92,0.967671248
513,162,0.968299745
513,176,0.955410043
513,197,0.964989701
513,220,0.952781826
513,223,0.952723019
513,281,0.950491041
513,282,0.950491041
513,317,0.953373168
513,336,0.979725813
513,349,0.965214244
513,389,0.95021447
513,408,0.952072659
513,413,0.970246018
513,422,0.96627232
513,433,0.965928095
513,520,0.954012545
513,569,0.950968759
513,596,0.95407916
513,606,0.953170501
513,677,0.956071231
513,704,0.953967407
513,762,0.951028164
513,789,0.952047128
513,790,0.963179927
513,793,0.957422677
513,794,0.953913265
513,798,0.96220572
513,802,0.95141171
513,831,0.954564997
513,836,0.963567632
513,856,0.962412962
513,928,0.951143692
516,680,0.954821455
518,162,0.954712505
518,336,0.953157008
520,1,0.963113038
520,2,0.964215405
520,3,0.955615947
520,6,0.964790741
520,92,0.957537232
520,162,0.957064522
520,197,0.95533134
520,336,0.973633472
520,349,0.961276512
520,413,0.969266367
520,422,0.958416544
520,433,0.964628452
520,513,0.954012545
520,569,0.950082362
520,596,0.955458793
520,606,0.953544893
520,677,0.959804543
520,704,0.960441266
520,788,0.951440385
520,789,0.950912153
520,790,0.968386209
520,793,0.960541158
520,794,0.954246744
520,796,0.950876858
520,798,0.968410242
520,802,0.951469985
520,804,0.953291036
520,831,0.960457411
520,836,0.963908477
520,856,0.963971118
520,928,0.955981764
520,990,0.957229299
520,991,0.957318276
523,1,0.957908545
523,2,0.958551804
523,3,0.95123526
523,6,0.958515685
523,225,0.997196752
523,226,0.997077907
523,762,0.951091648
523,790,0.951180925
525,162,0.954617104
525,336,0.954883466
525,596,0.951871766
525,704,0.950273149
525,790,0.952854375
525,798,0.952098329
525,1041,0.95187116
528,128,0.990258981
528,129,0.989930204
528,197,0.951365355
528,220,0.955547362
528,223,0.955493352
528,296,0.994417485
528,297,0.994684648
528,336,0.951148963
528,436,0.994166212
528,609,0.998728749
528,704,0.951411799
528,759,0.959414037
528,760,0.959414037
528,761,0.959765206
528,762,0.959454521
528,764,0.956945893
528,765,0.956959573
528,766,0.956959573
528,767,0.957039612
528,768,0.958752168
528,778,0.956712175
528,790,0.954359232
528,798,0.953358808
528,831,0.952748981
529,122,0.991137165
532,92,0.954858114
532,162,0.959284598
532,336,0.960706182
532,413,0.95085595
532,548,0.950326694
532,550,0.96526384
532,569,0.96142544
532,585,0.953156431
532,596,0.967392843
532,606,0.960117272
532,608,0.955195862
532,617,0.964190064
532,646,0.950583248
532,659,0.958756066
532,677,0.959058757
532,680,0.953606927
532,704,0.961267409
532,723,0.950230256
532,762,0.951286803
532,788,0.955393889
532,789,0.952727749
532,790,0.960286099
532,791,0.956763746
532,793,0.961129823
532,794,0.955503553
532,795,0.954766278
532,796,0.955083773
532,798,0.96009207
532,802,0.953958404
532,831,0.961560972
532,836,0.966145736
532,856,0.964349051
532,928,0.961583968
532,990,0.954792642
532,991,0.954628031
532,1041,0.959363783
534,1,0.952311979
534,2,0.953403575
534,3,0.951280149
534,6,0.953973003
534,336,0.956634938
534,413,0.952892271
534,422,0.951810929
534,596,0.958099887
534,606,0.955375655
534,609,0.950705552
534,624,0.953662047
534,646,0.950815847
534,659,0.95066175
534,677,0.958045273
534,704,0.965234168
534,759,0.951619623
534,760,0.951619623
534,761,0.951880412
534,762,0.954736285
534,778,0.952822023
534,788,0.959415093
534,789,0.957750804
534,790,0.967466412
534,791,0.950109562
534,793,0.955469311
534,794,0.960553836
534,795,0.957944145
534,796,0.958853205
534,798,0.966343093
534,802,0.956436477
534,804,0.956472947
534,823,0.953467059
534,831,0.965590112
534,836,0.967508941
534,856,0.964539475
534,928,0.953448595
534,990,0.958047535
534,991,0.958198495
534,1041,0.953248643
546,377,0.998701724
546,378,0.998701724
546,379,0.998701724
546,380,0.998701724
547,710,0.991389916
548,92,0.951660706
548,532,0.950326694
550,92,0.971426461
550,162,0.968105356
550,197,0.953719767
550,336,0.964669677
550,349,0.950929741
550,413,0.960359623
550,532,0.96526384
550,569,0.959484492
550,585,0.950746796
550,596,0.970628524
550,606,0.960046412
550,608,0.953539666
550,659,0.960094318
550,677,0.955908728
550,680,0.956222304
550,704,0.952829917
550,762,0.950426096
550,789,0.951088797
550,790,0.957142013
550,793,0.955189815
550,794,0.955394206
550,798,0.957043804
550,802,0.951264581
550,804,0.952973042
550,831,0.954199427
550,836,0.963026507
550,856,0.957322916
550,875,0.950517656
550,928,0.955543129
550,950,0.953322428
550,990,0.951716534
550,991,0.951207475
550,1041,0.971522825
557,8,0.99959151
557,582,0.953355763
561,118,0.957492135
561,279,0.999387935
568,162,0.954741184
569,92,0.962732956
569,162,0.95938995
569,197,0.951340527
569,336,0.963314178
569,349,0.952013227
569,413,0.958136217
569,422,0.953992511
569,513,0.950968759
569,520,0.950082362
569,532,0.96142544
569,550,0.959484492
569,596,0.953185812
569,677,0.951347831
569,790,0.950264712
569,793,0.952348248
569,836,0.957946408
569,856,0.954490232
569,1041,0.950857588
582,8,0.952633458
582,557,0.953355763
585,162,0.95219542
585,532,0.953156431
585,550,0.950746796
585,596,0.95088959
585,659,0.95289424
585,680,0.953674054
585,790,0.951282081
585,798,0.950948428
585,1008,0.953082223
585,1041,0.956364584
592,1014,0.992717883
593,886,0.994334494
596,1,0.958414497
596,2,0.959464833
596,3,0.956705186
596,6,0.960411936
596,92,0.97298264
596,131,0.954379262
596,162,0.974955571
596,176,0.952130919
596,189,0.952808549
596,197,0.964300886
596,336,0.972877208
596,349,0.961976304
596,413,0.967704656
596,422,0.960727324
596,433,0.959745057
596,513,0.95407916
596,520,0.955458793
596,525,0.951871766
596,532,0.967392843
596,534,0.958099887
596,550,0.970628524
596,569,0.953185812
596,585,0.95088959
596,606,0.952773364
596,659,0.950300453
596,836,0.951689753
596,1041,0.957889128
606,1,0.956148049
606,2,0.956777008
606,3,0.951865624
606,6,0.957468237
606,92,0.960145235
606,162,0.964998482
606,197,0.961517924
606,336,0.96650084
606,349,0.958661096
606,413,0.961136235
606,422,0.95278668
606,433,0.95611007
606,513,0.953170501
606,520,0.953544893
606,532,0.960117272
606,534,0.955375655
606,550,0.960046412
606,596,0.952773364
606,677,0.956518583
606,704,0.951249518
606,790,0.95338521
606,798,0.952958587
606,831,0.951530576
606,836,0.956072424
606,856,0.954078082
608,92,0.956074936
608,162,0.955983169
608,532,0.955195862
608,550,0.953539666
609,128,0.994561482
609,129,0.99416925
609,220,0.958310823
609,223,0.958254371
609,296,0.998724666
609,297,0.999112636
609,436,0.998509518
609,528,0.998728749
609,534,0.950705552
609,759,0.955720966
609,760,0.955720966
609,761,0.956025378
609,762,0.955769921
609,764,0.955137247
609,765,0.955322581
609,766,0.955322581
609,767,0.955676668
609,768,0.957148167
609,778,0.953146882
617,532,0.964190064
617,680,0.952073011
624,1,0.952457042
624,2,0.953139039
624,6,0.95353884
624,197,0.95457283
624,336,0.951455357
624,534,0.953662047
628,1,0.957083918
628,2,0.957333851
628,6,0.957586938
628,162,0.951838372
628,336,0.952840844
632,1035,0.998714534
641,75,0.988917295
646,1,0.950693174
646,2,0.950782843
646,6,0.950708986
646,162,0.953803561
646,532,0.950583248
646,534,0.950815847
654,790,0.954436341
654,798,0.953229013
659,6,0.950427142
659,92,0.956132049
659,131,0.998769458
659,162,0.968289549
659,196,0.952812288
659,197,0.955469811
659,220,0.951501709
659,223,0.951116264
659,336,0.953501438
659,532,0.958756066
659,534,0.95066175
659,550,0.960094318
659,585,0.95289424
659,596,0.950300453
659,680,0.958612309
659,1041,0.953312457
661,168,0.995338481
663,3,0.95156658
663,790,0.952152804
663,798,0.951301864
673,150,0.99748146
673,878,0.995585962
677,1,0.966405324
677,2,0.966951774
677,3,0.958915082
677,6,0.967797156
677,92,0.959131177
677,162,0.959289481
677,176,0.957153864
677,197,0.967880657
677,220,0.952797412
677,223,0.95273002
677,312,0.950071795
677,317,0.955023396
677,336,0.97268039
677,349,0.964274422
677,408,0.951001132
677,413,0.966415771
677,422,0.965507307
677,433,0.963083636
677,513,0.956071231
677,520,0.959804543
677,532,0.959058757
677,534,0.958045273
677,550,0.955908728
677,569,0.951347831
677,606,0.956518583
677,704,0.951803367
677,790,0.950895632
677,831,0.952455207
677,836,0.955566338
677,856,0.963308348
680,1,0.950469104
680,2,0.950684817
680,3,0.951116692
680,6,0.951026914
680,92,0.956681431
680,103,0.957287977
680,120,0.951150871
680,131,0.958576524
680,162,0.961910649
680,176,0.952831939
680,186,0.95624828
680,189,0.952762665
680,196,0.952518402
680,197,0.950377215
680,205,0.951569457
680,220,0.952238714
680,223,0.952416904
680,248,0.950397596
680,317,0.950348759
680,354,0.952253464
680,516,0.954821455
680,532,0.953606927
680,550,0.956222304
680,585,0.953674054
680,617,0.952073011
680,659,0.958612309
681,257,0.999244187
681,959,0.995259933
682,339,0.997426447
693,781,0.999665031
694,162,0.95031554
694,723,0.953375444
694,762,0.954262719
694,778,0.951242701
694,1041,0.959004184
695,170,0.997029463
704,1,0.965951702
704,2,0.96657528
704,3,0.958877011
704,6,0.966755039
704,30,0.950798188
704,92,0.957855926
704,161,0.953265321
704,162,0.960013956
704,166,0.950045557
704,176,0.95874249
704,197,0.96348405
704,200,0.951894245
704,220,0.951594168
704,223,0.951524682
704,281,0.955153729
704,282,0.955153729
704,317,0.953298063
704,336,0.970867825
704,349,0.961389868
704,408,0.952983694
704,413,0.96984227
704,422,0.957380654
704,433,0.961260354
704,436,0.950085195
704,452,0.952676631
704,513,0.953967407
704,520,0.960441266
704,525,0.950273149
704,528,0.951411799
704,532,0.961267409
704,534,0.965234168
704,550,0.952829917
704,606,0.951249518
704,677,0.951803367
704,790,0.955214886
704,798,0.955385743
704,831,0.998530816
704,836,0.951824926
704,856,0.950036615
706,804,0.951488606
710,547,0.991389916
721,121,0.9858771
723,6,0.950381795
723,52,0.995645282
723,336,0.956989609
723,532,0.950230256
723,694,0.953375444
724,814,0.99312993
736,407,0.997067909
738,407,0.997067909
741,396,0.987267536
741,763,0.995167519
745,747,0.999643802
746,747,0.999643802
747,745,0.999643802
747,746,0.999643802
750,751,0.95769632
750,752,0.95769632
750,755,0.95769632
751,750,0.95769632
752,750,0.95769632
753,755,0.95769632
755,750,0.95769632
755,753,0.95769632
757,204,0.993126943
759,128,0.957093618
759,129,0.955816154
759,197,0.951817493
759,296,0.955851182
759,297,0.955938453
759,336,0.950566695
759,413,0.95188376
759,436,0.956316504
759,528,0.959414037
759,534,0.951619623
759,609,0.955720966
759,761,0.999854649
759,762,0.967124139
759,768,0.950480208
759,778,0.966529191
759,790,0.950657492
759,798,0.950280097
760,128,0.957093618
760,129,0.955816154
760,197,0.951817493
760,296,0.955851182
760,297,0.955938453
760,336,0.950566695
760,413,0.95188376
760,436,0.956316504
760,528,0.959414037
760,534,0.951619623
760,609,0.955720966
760,761,0.999854649
760,762,0.967124139
760,768,0.950480208
760,778,0.966529191
760,790,0.950657492
760,798,0.950280097
761,128,0.957393678
761,129,0.956118135
761,197,0.951849
761,296,0.956185736
761,297,0.956243083
761,336,0.950768852
761,413,0.952175081
761,436,0.956621405
761,528,0.959765206
761,534,0.951880412
761,609,0.956025378
761,759,0.999854649
761,760,0.999854649
761,762,0.967050884
761,768,0.950330161
761,778,0.966464892
761,790,0.950367334
761,798,0.950021084
762,1,0.954020958
762,2,0.95639146
762,3,0.954804496
762,6,0.955575063
762,7,0.952896767
762,30,0.95193654
762,128,0.956562098
762,129,0.95575736
762,162,0.955759272
762,176,0.952577319
762,197,0.955083365
762,220,0.957549366
762,223,0.957535385
762,296,0.955537644
762,297,0.955975344
762,317,0.95259339
762,336,0.959741719
762,349,0.95265138
762,408,0.9568115
